96.943436 0.019802 87.641624
-528.744751 0.024357 102.937782
-405.631805 128.024658 86.875549
736.897278 0.024820 83.978271
618.789063 128.024261 73.951660
598.534546 128.016083 472.836548
973.928040 156.893799 484.119537
1160.788208 208.014404 771.468384
915.111084 256.011871 1019.439148
636.200867 256.009766 1032.588501
613.697693 350.015564 497.671173
-401.852234 350.011230 481.576538
-399.210449 350.011841 90.638405
-54.159145 320.023560 95.473732
297.358032 320.013580 91.822563
625.540283 350.014648 82.582054
623.416077 352.208252 -572.781738
435.498352 288.023621 -848.356445
-406.970367 128.024872 -295.063232
-179.479416 128.014954 -285.901703
119.555016 128.013336 -405.406403
319.436493 162.838028 -505.622070
259.423248 192.015488 -823.913147
-60.873497 192.010315 -809.768188
-405.154053 128.010986 488.594635
241.281158 128.010223 955.674194
113.884369 128.011719 756.311523
104.291924 128.017776 555.881531
-142.654205 128.002930 482.834656
410.452301 128.024841 481.627350
-403.872314 352.014404 -506.960846
-397.824799 288.014252 -816.378601
-215.092743 288.013733 -828.889038
-102.259071 182.047043 -544.095215
614.832581 128.019592 -229.544556
389.869171 256.022766 988.679016
97.160744 352.020325 459.828125
121.858917 254.989670 317.014282
96.485535 255.239639 317.438843
71.158066 276.737427 608.987915
42.012035 207.646942 123.777435
-389.545502 328.479675 -288.782135
109.381424 128.016510 648.343567
-108.545898 0.024200 250.800446
-113.750671 0.024956 -64.487122
325.754333 0.011461 -66.985153
330.677094 0.024660 247.833450
128.252579 192.012497 317.006653
124.168152 192.015945 -127.014015
-271.019287 288.000000 -624.080566
-558.368347 291.771454 -583.409912
504.012848 288.024017 -613.184387
747.352783 288.017029 -612.348206
632.098022 288.012726 -797.966003
741.486633 256.016296 808.014221
488.113342 256.023651 853.309937
313.795502 -36.959312 84.963112
-87.904861 -36.959312 93.593071
0.772347 -36.981590 200.489639
-41.037487 -36.981583 200.382706
214.968140 -36.981667 -10.179085
256.743927 -36.981636 -10.182405
256.769287 -36.980156 200.468994
214.969604 -36.980659 200.350937
240.645828 -36.981590 183.223419
231.975616 -36.981697 7.244350
0.746441 -36.981674 -10.194195
-23.652809 -36.981674 7.343629
-41.043049 -36.981674 -10.229979
-19.235895 -36.981674 182.425232
