0 0
0 1
0 2
0 3
0 4
0 20
0 26
0 27
0 40
0 42
0 43
0 44
0 45
0 46
0 56
0 57
0 58
0 59
0 60
0 61
0 62
0 63
0 64
0 65
0 66
0 67
0 68
0 69
1 0
1 1
1 2
1 3
1 56
1 57
1 60
1 61
1 62
1 63
1 64
1 65
2 0
2 1
2 2
2 18
2 24
2 56
2 57
2 58
2 62
2 63
2 64
2 65
2 67
2 69
3 0
3 1
3 3
3 4
3 56
3 57
3 58
3 59
3 64
3 66
3 67
3 68
3 69
4 0
4 3
4 4
4 5
4 34
4 56
4 57
4 58
4 59
4 63
4 64
4 69
5 4
5 5
5 6
5 24
5 27
5 28
5 29
5 34
6 5
6 6
6 7
6 24
6 27
6 28
6 29
7 6
7 7
7 8
8 7
8 8
8 9
8 35
8 55
9 8
9 9
9 10
9 15
9 35
9 54
9 55
10 9
10 10
10 11
10 15
10 16
10 36
10 38
10 53
11 10
11 11
11 12
11 30
11 31
11 36
11 41
12 11
12 12
12 13
12 14
12 15
12 30
12 31
12 41
13 12
13 13
13 14
13 15
13 40
13 56
13 60
13 61
13 62
13 63
13 64
13 65
14 12
14 13
14 14
14 15
14 40
14 57
15 9
15 10
15 12
15 13
15 14
15 15
15 16
15 40
15 53
16 10
16 15
16 16
16 17
16 51
16 52
16 53
17 16
17 17
17 22
17 23
17 31
17 32
17 51
17 52
17 53
18 2
18 18
18 19
18 20
18 24
18 30
18 41
19 18
19 19
19 20
19 21
19 30
19 41
19 48
20 0
20 18
20 19
20 20
20 21
20 33
20 48
20 58
20 59
20 63
20 69
21 19
21 20
21 21
21 22
21 48
21 58
21 59
21 66
21 69
22 17
22 21
22 22
22 23
22 31
22 32
22 53
23 17
23 22
23 23
23 31
23 32
23 33
23 53
24 2
24 5
24 6
24 18
24 24
24 27
24 28
24 29
25 25
25 26
25 27
25 35
25 42
26 0
26 25
26 26
26 27
26 28
26 35
26 37
26 38
26 42
26 47
26 60
26 66
27 0
27 5
27 6
27 24
27 25
27 26
27 27
27 28
27 29
27 37
27 38
27 39
27 42
27 47
27 60
27 61
27 65
27 66
27 67
28 5
28 6
28 24
28 26
28 27
28 28
28 29
28 37
28 38
28 39
28 42
28 47
29 5
29 6
29 24
29 27
29 28
29 29
29 37
29 38
29 39
29 42
29 47
30 11
30 12
30 18
30 19
30 30
30 31
30 32
30 41
30 49
30 50
31 11
31 12
31 17
31 22
31 23
31 30
31 31
31 32
31 41
31 49
31 50
31 53
32 17
32 22
32 23
32 30
32 31
32 32
32 49
32 50
32 53
33 20
33 23
33 33
33 48
33 60
33 62
33 63
33 64
34 4
34 5
34 34
35 8
35 9
35 25
35 26
35 35
35 55
36 10
36 11
36 36
36 37
36 38
36 39
36 47
37 26
37 27
37 28
37 29
37 36
37 37
37 38
37 42
37 47
38 10
38 26
38 27
38 28
38 29
38 36
38 37
38 38
38 42
38 47
39 27
39 28
39 29
39 36
39 39
39 42
40 0
40 13
40 14
40 15
40 40
40 56
40 58
40 59
40 60
40 61
40 62
40 63
40 64
40 65
40 66
40 67
40 68
40 69
41 11
41 12
41 18
41 19
41 30
41 31
41 41
42 0
42 25
42 26
42 27
42 28
42 29
42 37
42 38
42 39
42 42
42 47
42 60
42 66
43 0
43 43
43 44
43 45
43 57
43 59
43 60
43 61
43 65
43 66
43 67
43 68
43 69
44 0
44 43
44 44
44 46
44 57
44 58
44 59
44 62
44 63
44 64
44 67
44 68
44 69
45 0
45 43
45 45
45 46
45 56
45 58
45 59
45 61
45 62
45 63
45 64
45 65
45 69
46 0
46 44
46 45
46 46
46 56
46 60
46 61
46 62
46 64
46 65
46 66
46 67
46 68
47 26
47 27
47 28
47 29
47 36
47 37
47 38
47 42
47 47
48 19
48 20
48 21
48 33
48 48
49 30
49 31
49 32
49 49
49 50
50 30
50 31
50 32
50 49
50 50
51 16
51 17
51 51
51 52
51 53
52 16
52 17
52 51
52 52
52 53
53 10
53 15
53 16
53 17
53 22
53 23
53 31
53 32
53 51
53 52
53 53
54 9
54 54
55 8
55 9
55 35
55 55
56 0
56 1
56 2
56 3
56 4
56 13
56 40
56 45
56 46
56 56
56 57
56 58
56 59
56 60
56 61
56 62
56 63
56 64
56 65
56 66
56 67
56 68
56 69
57 0
57 1
57 2
57 3
57 4
57 14
57 43
57 44
57 56
57 57
57 58
57 59
57 60
57 61
57 62
57 63
57 64
57 65
57 66
57 67
57 68
57 69
58 0
58 2
58 3
58 4
58 20
58 21
58 40
58 44
58 45
58 56
58 57
58 58
58 59
58 60
58 61
58 62
58 63
58 64
58 65
58 66
58 67
58 68
58 69
59 0
59 3
59 4
59 20
59 21
59 40
59 43
59 44
59 45
59 56
59 57
59 58
59 59
59 60
59 61
59 62
59 63
59 64
59 65
59 66
59 67
59 68
59 69
60 0
60 1
60 13
60 26
60 27
60 33
60 40
60 42
60 43
60 46
60 56
60 57
60 58
60 59
60 60
60 61
60 62
60 63
60 64
60 65
60 66
60 67
60 68
60 69
61 0
61 1
61 13
61 27
61 40
61 43
61 45
61 46
61 56
61 57
61 58
61 59
61 60
61 61
61 62
61 63
61 64
61 65
61 66
61 67
61 68
61 69
62 0
62 1
62 2
62 13
62 33
62 40
62 44
62 45
62 46
62 56
62 57
62 58
62 59
62 60
62 61
62 62
62 63
62 64
62 65
62 66
62 67
62 68
62 69
63 0
63 1
63 2
63 4
63 13
63 20
63 33
63 40
63 44
63 45
63 56
63 57
63 58
63 59
63 60
63 61
63 62
63 63
63 64
63 65
63 66
63 67
63 68
63 69
64 0
64 1
64 2
64 3
64 4
64 13
64 33
64 40
64 44
64 45
64 46
64 56
64 57
64 58
64 59
64 60
64 61
64 62
64 63
64 64
64 65
64 66
64 67
64 68
64 69
65 0
65 1
65 2
65 13
65 27
65 40
65 43
65 45
65 46
65 56
65 57
65 58
65 59
65 60
65 61
65 62
65 63
65 64
65 65
65 66
65 67
65 68
65 69
66 0
66 3
66 21
66 26
66 27
66 40
66 42
66 43
66 46
66 56
66 57
66 58
66 59
66 60
66 61
66 62
66 63
66 64
66 65
66 66
66 67
66 68
66 69
67 0
67 2
67 3
67 27
67 40
67 43
67 44
67 46
67 56
67 57
67 58
67 59
67 60
67 61
67 62
67 63
67 64
67 65
67 66
67 67
67 68
67 69
68 0
68 3
68 40
68 43
68 44
68 46
68 56
68 57
68 58
68 59
68 60
68 61
68 62
68 63
68 64
68 65
68 66
68 67
68 68
68 69
69 0
69 2
69 3
69 4
69 20
69 21
69 40
69 43
69 44
69 45
69 56
69 57
69 58
69 59
69 60
69 61
69 62
69 63
69 64
69 65
69 66
69 67
69 68
69 69
