-370.592834 -36.959312 85.015808
567.805908 -36.981224 60.422058
715.287964 -36.981224 140.512695
-339.740723 91.040695 526.968384
-494.938538 91.040695 424.893066
-329.087891 91.040695 376.069824
-386.977112 91.040695 -298.218811
699.116211 91.040695 410.900543
531.899536 91.040695 406.056824
702.206787 91.040695 563.415283
539.924072 91.040695 533.117676
170.830536 91.040695 910.692383
269.493469 91.019379 -280.163879
282.222046 91.040695 -414.938110
-29.642714 91.040695 -237.724899
238.009781 155.040680 -811.927856
106.157516 91.040695 799.910217
-23.189852 91.034233 566.217957
536.523926 91.040695 -357.068756
704.816589 91.040695 -379.716614
627.346252 91.040695 -252.598877
259.826660 91.040695 438.797150
624.095886 219.040710 1143.421143
504.594757 219.040710 1040.605713
725.301758 219.040710 1021.423035
611.390930 251.040649 -771.531860
-469.260620 91.040695 -397.289459
-478.285187 91.040695 -184.636917
