22 32
0 4
0 40
0 2
3 4
27 33
28 33
25 35
40 14
40 15
40 13
19 30
19 41
18 41
18 30
23 32
23 31
22 31
22 17
30 12
12 30
30 11
11 30
41 30
41 12
41 11
23 17
27 39
27 37
27 38
28 37
28 38
28 39
26 37
26 38
29 37
29 38
29 39
17 31
17 32
11 31
12 31
11 41
41 31
37 36
38 36
38 10
1 2
39 36
41 12
13 14
14 13
13 15
15 13
14 12
12 14
15 12
12 15
26 35
29 28
28 29
42 39
42 37
42 38
31 12
12 31
11 31
31 11
32 17
17 32
31 17
17 31
47 37
47 38
47 36
22 53
31 53
32 53
53 31
53 32
23 53
55 8
8 55
43 0
44 0
45 0
46 0
0 43
0 44
0 45
0 46
56 4
4 56
57 2
2 57
45 43
43 45
57 14
56 40
56 13
44 46
46 44
56 2
57 4
0 58
0 59
0 60
0 61
0 62
0 63
0 64
0 65
0 66
0 67
0 68
0 69
58 59
58 60
58 61
58 62
58 63
58 64
58 65
58 66
58 67
58 68
58 69
59 58
59 60
59 61
59 62
59 63
59 64
59 65
59 66
59 67
59 68
59 69
60 58
60 59
60 61
60 62
60 63
60 64
60 65
60 66
60 67
60 68
60 69
61 58
61 59
61 60
61 62
61 63
61 64
61 65
61 66
61 67
61 68
61 69
62 58
62 59
62 60
62 61
62 63
62 64
62 65
62 66
62 67
62 68
62 69
63 58
63 59
63 60
63 61
63 62
63 64
63 65
63 66
63 67
63 68
63 69
64 58
64 59
64 60
64 61
64 62
64 63
64 65
64 66
64 67
64 68
64 69
65 58
65 59
65 60
65 61
65 62
65 63
65 64
65 66
65 67
65 68
65 69
66 58
66 59
66 60
66 61
66 62
66 63
66 64
66 65
66 67
66 68
66 69
67 58
67 59
67 60
67 61
67 62
67 63
67 64
67 65
67 66
67 68
67 69
68 58
68 59
68 60
68 61
68 62
68 63
68 64
68 65
68 66
68 67
68 69
69 58
69 59
69 60
69 61
69 62
69 63
69 64
69 65
69 66
69 67
69 68
40 58
40 59
40 60
40 61
40 62
40 63
40 64
40 65
40 66
40 67
40 68
40 69
58 40
59 40
60 40
61 40
62 40
63 40
64 40
65 40
66 40
67 40
68 40
69 40
13 58
13 59
13 60
13 61
13 62
13 63
13 64
13 65
13 66
13 67
13 68
13 69
58 13
59 13
60 13
61 13
62 13
63 13
64 13
65 13
66 13
67 13
68 13
69 13
1 58
1 59
1 60
1 61
1 62
1 63
1 64
1 65
1 66
1 67
1 68
1 69
58 1
59 1
60 1
61 1
62 1
63 1
64 1
65 1
66 1
67 1
68 1
69 1
2 58
2 59
2 60
2 61
2 62
2 63
2 64
2 65
2 66
2 67
2 68
2 69
58 2
59 2
60 2
61 2
62 2
63 2
64 2
65 2
66 2
67 2
68 2
69 2
3 58
3 59
3 60
3 61
3 62
3 63
3 64
3 65
3 66
3 67
3 68
3 69
58 3
59 3
60 3
61 3
62 3
63 3
64 3
65 3
66 3
67 3
68 3
69 3
4 58
4 59
4 60
4 61
4 62
4 63
4 64
4 65
4 66
4 67
4 68
4 69
58 4
59 4
60 4
61 4
62 4
63 4
64 4
65 4
66 4
67 4
68 4
69 4
45 61
46 62
46 64
64 46
45 65
45 60
60 45
65 45
44 68
44 67
67 44
66 43
66 45
66 46
67 43
67 45
67 46
68 43
68 45
68 46
43 66
43 67
43 68
45 66
45 67
45 68
46 66
46 67
46 68
60 46
46 60
60 43
43 60
60 44
44 60
61 46
46 61
61 43
43 61
61 44
44 61
65 46
46 65
65 43
43 65
44 65
65 44
59 44
59 46
59 45
69 44
69 46
69 45
58 44
58 46
58 45
44 59
44 69
44 58
46 59
46 69
46 58
45 59
45 69
45 58
62 45
45 62
62 44
44 62
62 43
43 62
63 45
45 63
63 44
44 63
63 43
43 63
64 45
45 64
64 44
44 64
64 43
43 64
68 0
62 0
59 0
43 69
69 43
62 57
57 62
60 27
27 60
60 26
26 60
56 58
59 20
58 20
20 59
59 21
20 58
21 59
58 21
59 56
21 58
56 59
58 57
57 59
57 58
33 60
60 33
63 56
56 63
56 64
56 62
57 64
64 57
57 63
63 20
63 33
20 63
33 63
57 68
56 68
68 56
56 65
56 60
56 69
69 56
57 67
67 42
42 67
64 33
33 64
62 33
33 62
57 69
43 59
67 27
27 67
56 61
27 61
61 27
61 0
57 61
61 57
65 42
42 65
67 56
56 67
57 66
66 57
69 20
69 21
21 69
20 69
56 66
57 60
66 26
66 27
66 42
26 66
27 66
42 66
60 56
66 21
21 66
60 42
42 60
65 56
57 65
65 27
27 65



